[554, 401]
[545, 202]
[552, 84]
[874, 90]
[1256, 91]
[1257, 475]
[967, 409]
[978, 786]
[763, 734]
[1312, 845]
[944, 988]
[691, 638]
[441, 656]
[544, 670]
[508, 985]
[270, 936]
[236, 701]
[72, 667]
[82, 541]
[440, 542]
[97, 137]
[315, 212]
[445, 421]
[1354, 497]
[1358, 742]
[1310, 956]
[1493, 1036]
[1365, 1188]
[1581, 1241]
[1422, 1435]
[1627, 1439]
[1635, 1553]
[1732, 1553]
[1728, 1912]
[1997, 1898]
[1999, 1684]
[1994, 1431]
[2143, 1298]
[2189, 936]
[2113, 797]
[2257, 780]
[2247, 665]
[2004, 659]
[2002, 798]
[1847, 812]
[1727, 753]
[1563, 753]
[1557, 484]
[1778, 487]
[1666, 479]
[1681, 238]
[1592, 77]
[1868, 44]
[2192, 48]
[2251, 217]
[2598, 208]
[2490, 537]
[2767, 540]
[2765, 803]
[2921, 805]
[2912, 950]
[2548, 950]
[2488, 793]
[2568, 1209]
[2779, 1490]
[2667, 1758]
[2374, 1697]
[2415, 1376]
[2703, 2106]
[554, 401]
[545, 202]
[552, 84]
[874, 90]
[1256, 91]
[1257, 475]
[967, 409]
[978, 786]
[763, 734]
[1312, 845]
[944, 988]
[691, 638]
[544, 670]
[508, 985]
[270, 936]
[236, 701]
[72, 667]
[82, 541]
[440, 542]
[97, 137]
[315, 212]
[445, 421]
[1354, 497]
[1358, 742]
[1310, 956]
[1493, 1036]
[1365, 1188]
[1581, 1241]
[1422, 1435]
[1627, 1439]
[1635, 1553]
[1732, 1553]
[1728, 1912]
[1997, 1898]
[1999, 1684]
[1994, 1431]
[2143, 1298]
[2189, 936]
[2113, 797]
[2257, 780]
[2247, 665]
[2004, 659]
[2002, 798]
[1847, 812]
[1727, 753]
[1563, 753]
[1557, 484]
[1778, 487]
[1666, 479]
[1681, 238]
[1592, 77]
[1868, 44]
[2192, 48]
[2251, 217]
[2598, 208]
[2490, 537]
[2767, 540]
[2765, 803]
[2921, 805]
[2912, 950]
[2548, 950]
[2488, 793]
[2568, 1209]
[2779, 1490]
[2667, 1758]
[2374, 1697]
[2415, 1376]
[2703, 2106]
[851, 1390]
[1030, 1312]
[688, 1867]
[736, 2568]
[198, 1863]
[98, 1134]
[145, 974]
[97, 1403]
[1910, 3059]
[491, 1385]
[887, 1624]
[1021, 1188]
[793, 1174]
[787, 997]
[1406, 1730]
[1123, 1662]
[1073, 1977]
[1178, 1984]
[1175, 2215]
[801, 2212]
[202, 1612]
[65, 1605]
[352, 2176]
[257, 2113]
[90, 2126]
[95, 2274]
[70, 2584]
[61, 2893]
[391, 2951]
[1237, 2996]
[1176, 2756]
[1176, 2524]
[1451, 2533]
[1383, 2992]
[1520, 2850]
[1882, 2816]
[1858, 2524]
[1637, 2524]
[1630, 2177]
[1379, 2174]
[1377, 1979]
[1386, 1903]
[1997, 2200]
[2265, 2211]
[2259, 2375]
[2564, 2360]
[2570, 2121]
[2267, 2486]
[2736, 2484]
[2741, 2415]
[2794, 2411]
[2786, 2107]
[2737, 2730]
[2324, 2721]
[2331, 2973]
[2693, 2980]
[1830, 1550]
[1836, 1229]
[2252, 461]
[2004, 454]
[1991, 241]
[710, 1638]
